========= COMPUTE-SANITIZER
2048 2048 mma 1 2.39e-03
2048 2048 mma 16 1.88e-03
2048 2048 mma 17 2.12e-03
2048 2048 mma 33 1.78e-03
2048 2048 mma 64 1.99e-03
2048 2048 mma 65 2.01e-03
2048 2048 mma 129 2.60e-03
2048 2048 mma 300 2.79e-03
2048 2048 mma 1024 3.13e-03
2048 2048 mma12 1 2.27e-03
2048 2048 mma12 16 2.06e-03
2048 2048 mma12 17 2.02e-03
2048 2048 mma12 33 1.96e-03
2048 2048 mma12 64 2.86e-03
2048 2048 mma12 65 2.82e-03
2048 2048 mma12 129 2.76e-03
2048 2048 mma12 300 3.42e-03
2048 2048 mma12 1024 3.05e-03
1024 4096 mma 1 1.88e-03
1024 4096 mma 16 3.18e-03
1024 4096 mma 17 3.02e-03
1024 4096 mma 33 2.68e-03
1024 4096 mma 64 2.78e-03
1024 4096 mma 65 2.66e-03
1024 4096 mma 129 2.29e-03
1024 4096 mma 300 2.72e-03
1024 4096 mma 1024 2.32e-03
1024 4096 mma12 1 1.85e-03
1024 4096 mma12 16 2.67e-03
1024 4096 mma12 17 2.55e-03
1024 4096 mma12 33 2.85e-03
1024 4096 mma12 64 2.82e-03
1024 4096 mma12 65 2.71e-03
1024 4096 mma12 129 2.58e-03
1024 4096 mma12 300 2.66e-03
1024 4096 mma12 1024 2.50e-03
opcheck: done
========= ERROR SUMMARY: 0 errors
