# gpu    pwr  gtemp  mtemp   mclk   pclk 
# Idx      W      C      C    MHz    MHz 
    0     48     34     48   1593    345 
    0     48     34     48   1593    345 
    0     48     34     48   1593    345 
    0     48     34     48   1593    345 
    0     48     34     48   1593    345 
    0     48     34     48   1593    345 
    0     48     34     48   1593    345 
    0     48     34     48   1593    345 
    0     48     34     48   1593    345 
    0     48     34     48   1593    345 
    0     48     34     48   1593    345 
    0     48     34     48   1593    345 
    0     48     34     49   1593    345 
    0     48     34     48   1593    345 
    0     48     34     48   1593    345 
    0     48     34     48   1593    345 
    0     48     34     48   1593    345 
    0     48     34     48   1593    345 
    0     48     34     48   1593    345 
    0     48     34     49   1593    345 
    0     78     35     48   1593   1755 
    0     81     35     49   1593   1755 
    0    258     38     52   1593   1740 
    0     78     37     51   1593   1755 
    0    149     39     52   1593   1755 
    0    345     46     58   1593   1395 
    0     50     38     52   1593    345 
    0     80     39     52   1593   1755 
    0     80     39     52   1593   1755 
    0    110     40     56   1593   1755 
    0    346     49     60   1593   1290 
    0     82     42     55   1593   1755 
    0     81     42     55   1593   1755 
    0     81     41     54   1593   1755 
    0     81     41     53   1593   1755 
    0     81     41     54   1593   1755 
    0     81     41     53   1593   1755 
    0    134     43     57   1593   1755 
    0    141     43     55   1593   1755 
    0    141     44     57   1593   1755 
    0    105     43     56   1593   1755 
    0    347     51     62   1593   1350 
    0     69     45     58   1593    615 
    0    141     47     59   1593   1755 
# gpu    pwr  gtemp  mtemp   mclk   pclk 
# Idx      W      C      C    MHz    MHz 
    0     85     46     57   1593   1755 
    0     84     45     57   1593   1755 
    0    142     46     58   1593   1755 
    0    141     46     58   1593   1755 
    0    141     47     59   1593   1755 
    0    321     52     62   1593   1380 
    0     89     46     59   1593   1755 
    0     52     44     56   1593    345 
    0    140     47     58   1593   1755 
    0    200     46     58   1593   1680 
    0     66     45     58   1593    420 
    0     84     45     57   1593   1755 
    0    139     47     58   1593   1755 
    0    142     46     59   1593   1755 
    0    143     47     59   1593   1755 
    0    158     46     59   1593   1755 
    0    346     54     64   1593   1380 
    0     89     48     59   1593   1755 
    0    106     49     60   1593   1755 
    0     91     47     59   1593   1755 
    0     89     48     60   1593   1755 
    0     84     47     59   1593   1755 
    0    135     48     59   1593   1755 
    0    142     48     59   1593   1755 
    0    131     47     59   1593   1755 
    0     85     46     58   1593   1755 
    0    344     54     64   1593   1260 
    0     90     50     61   1593   1755 
    0     81     48     60   1593   1755 
    0     92     48     59   1593   1755 
    0     89     49     61   1593   1755 
    0     86     48     60   1593   1755 
    0    145     49     60   1593   1755 
    0    143     49     61   1593   1755 
    0    142     49     61   1593   1755 
    0    278     54     64   1593   1455 
    0    346     56     65   1593   1290 
    0     54     49     61   1593    345 
    0    146     50     61   1593   1755 
    0    118     50     61   1593   1755 
    0     87     48     59   1593   1755 
    0    136     49     61   1593   1755 
    0    144     49     60   1593   1755 
    0    141     49     60   1593   1755 
# gpu    pwr  gtemp  mtemp   mclk   pclk 
# Idx      W      C      C    MHz    MHz 
    0    152     49     63   1593   1755 
    0     88     49     61   1593   1755 
    0     53     47     60   1593    345 
    0    143     48     60   1593   1755 
    0    345     54     63   1593   1440 
    0     66     47     59   1593   1755 
    0    144     48     59   1593   1755 
    0    148     49     61   1593   1755 
    0    142     48     60   1593   1755 
    0     87     47     58   1593   1755 
    0    346     54     65   1593   1275 
    0     90     50     62   1593   1755 
    0     86     49     60   1593   1755 
    0     90     49     60   1593   1755 
    0     90     50     61   1593   1755 
    0     87     48     60   1593   1755 
    0    145     50     61   1593   1755 
    0    147     49     61   1593   1755 
    0    131     49     61   1593   1755 
    0    335     56     64   1593   1350 
    0    164     52     62   1593   1755 
    0     93     50     61   1593   1755 
    0    105     50     63   1593   1755 
    0     90     50     62   1593   1755 
    0     86     49     61   1593   1755 
    0    136     50     61   1593   1755 
    0    146     50     62   1593   1755 
    0    141     50     61   1593   1755 
    0     87     48     60   1593   1755 
    0    321     56     64   1593   1230 
    0    137     52     63   1593   1755 
