========= COMPUTE-SANITIZER
6144 4096 mma 1 2.68e-03
6144 4096 mma 8 3.04e-03
6144 4096 mma 17 2.70e-03
6144 4096 mma 64 2.56e-03
6144 4096 mma 65 2.62e-03
6144 4096 mma 513 2.48e-03
6144 4096 mma 1024 2.28e-03
6144 4096 mma12 1 3.36e-03
6144 4096 mma12 8 2.91e-03
6144 4096 mma12 17 2.80e-03
6144 4096 mma12 64 2.62e-03
6144 4096 mma12 65 2.49e-03
6144 4096 mma12 513 2.35e-03
6144 4096 mma12 1024 2.29e-03
4096 12288 mma 1 2.45e-03
4096 12288 mma 8 3.23e-03
4096 12288 mma 17 2.74e-03
4096 12288 mma 64 2.91e-03
4096 12288 mma 65 3.11e-03
4096 12288 mma 513 2.70e-03
4096 12288 mma 1024 2.71e-03
4096 12288 mma12 1 2.45e-03
4096 12288 mma12 8 2.83e-03
4096 12288 mma12 17 2.96e-03
4096 12288 mma12 64 2.96e-03
4096 12288 mma12 65 2.65e-03
4096 12288 mma12 513 2.54e-03
4096 12288 mma12 1024 2.78e-03
opcheck: done
========= ERROR SUMMARY: 0 errors
